    -1
   151
Unknown                                                                         
Unknown                                                                         
NX: Advanced Simulation                                                         
Unknown   Unknown            0         0         0
Unknown   Unknown   
NX: Universal Importer/Exporter                                                 
03-Mar-16 21:01:10      0    0    0    0    0
    -1
    -1
   164
         1Meter (newton)               2
  1.00000000000000000D+00  1.00000000000000000D+00  1.00000000000000000D+00
  2.73149999999999980D+02
    -1
    -1
  2470
         1        90        80
Thin Shell1                             
         1         2         4
  1.0000000E-03  1.0000000E-35  1.0000000E-35  1.0000000E-35
        46         2         1
  1.0000000E+00
        47         2         1
  8.3333302E-01
        48         2         1
  1.0000000E-35
        52         2         2
  1.0000000E-35  1.0000000E-35
        82         2         1
  0.0000000E+00
       117         1        12
      -999      -999      -999      -999      -999      -999      -999      -999
      -999      -999      -999      -999
       263         1         1
         0
       264         1         1
         0
       265         1         1
         0
       266         1         1
         0
       262         3        10
Mindlin                                                                         
       271         1         1
         9
       272         1         1
         0
       273         1         1
         1
       274         1         1
         1
       275         1         1
         1
       276         1         1
         0
       277         1         1
         0
       278         1         1
         0
       279         2         1
  1.0000000E-35
        88         3        10
                                                                                
       287         1         1
         0
       297         3        20
PSHELL                                                                          
       298         3        20
PSHELL                                                                          
       299         3        20
PSHELL                                                                          
       300         3        20
PSHELL                                                                          
       301         3        20
SHELL SECT                                                                      
       302         3        20
SHELL SECT                                                                      
       303         3        20
SHELL SECT                                                                      
       321         2         1
  1.0000000E-35
       322         2         1
  1.0000000E-35
       316         1         1
         1
       317         1         1
      -999
       323         3         6
                                                                                
       309         1         1
         0
       326         2         1
  0.0000000E+00
       327         2         1
  0.0000000E+00
       328         2         1
  0.0000000E+00
       329         2         1
  0.0000000E+00
       330         2         1
  0.0000000E+00
       331         2         1
  0.0000000E+00
       312         1         1
         1
       332         1         1
         0
       333         2         3
  0.0000000E+00  0.0000000E+00  0.0000000E+00
       336         1         1
         0
       337         2         1
  0.0000000E+00
       338         3         8
SIMPSON                                                                         
       370         1         1
         0
       339         1         3
         3         0         0
       340         1         1
         0
       341         2         1
  0.0000000E+00
       281         1         1
         0
       282         3        96
                                                                                
                                                                                
       283         1         1
      -999
       284         3        14
                                                                                
       285         1         1
         0
       296         2         1
  7.8200000E+03
       384         2         1
  1.0000000E-35
       286         1         1
         0
       288         3        80
                                                                                
       289         3        80
                                                                                
       343         1         1
         0
       344         3        10
                                                                                
       345         1         1
         0
       305         3        10
                                                                                
       800         1         1
         0
       801         3        80
                                                                                
       802         3        80
                                                                                
       803         1         6
         0         0         0         0         0         0
       804         2         3
  1.0000000E+00  0.0000000E+00  0.0000000E+00
       805         2         3
  1.0000000E+00  0.0000000E+00  0.0000000E+00
       806         2         3
  1.0000000E+00  0.0000000E+00  0.0000000E+00
       807         2         3
  1.0000000E+00  0.0000000E+00  0.0000000E+00
       118         2         1
  0.0000000E+00
       154         1         1
         1
       260         2         1
  0.0000000E+00
       441         2         1
  0.0000000E+00
       442         2         1
  0.0000000E+00
       443         2         1
  0.0000000E+00
         2        90        80
Thin Shell2                             
         1         2         4
  1.0000000E-03  1.0000000E-35  1.0000000E-35  1.0000000E-35
        46         2         1
  1.0000000E+00
        47         2         1
  8.3333302E-01
        48         2         1
  1.0000000E-35
        52         2         2
  1.0000000E-35  1.0000000E-35
        82         2         1
  0.0000000E+00
       117         1        12
      -999      -999      -999      -999      -999      -999      -999      -999
      -999      -999      -999      -999
       263         1         1
         0
       264         1         1
         0
       265         1         1
         0
       266         1         1
         0
       262         3        10
Mindlin                                                                         
       271         1         1
         9
       272         1         1
         0
       273         1         1
         1
       274         1         1
         1
       275         1         1
         1
       276         1         1
         0
       277         1         1
         0
       278         1         1
         0
       279         2         1
  1.0000000E-35
        88         3        10
                                                                                
       287         1         1
         0
       297         3        20
PSHELL                                                                          
       298         3        20
PSHELL                                                                          
       299         3        20
PSHELL                                                                          
       300         3        20
PSHELL                                                                          
       301         3        20
SHELL SECT                                                                      
       302         3        20
SHELL SECT                                                                      
       303         3        20
SHELL SECT                                                                      
       321         2         1
  1.0000000E-35
       322         2         1
  1.0000000E-35
       316         1         1
         1
       317         1         1
      -999
       323         3         6
                                                                                
       309         1         1
         0
       326         2         1
  0.0000000E+00
       327         2         1
  0.0000000E+00
       328         2         1
  0.0000000E+00
       329         2         1
  0.0000000E+00
       330         2         1
  0.0000000E+00
       331         2         1
  0.0000000E+00
       312         1         1
         1
       332         1         1
         0
       333         2         3
  0.0000000E+00  0.0000000E+00  0.0000000E+00
       336         1         1
         0
       337         2         1
  0.0000000E+00
       338         3         8
SIMPSON                                                                         
       370         1         1
         0
       339         1         3
         3         0         0
       340         1         1
         0
       341         2         1
  0.0000000E+00
       281         1         1
         0
       282         3        96
                                                                                
                                                                                
       283         1         1
      -999
       284         3        14
                                                                                
       285         1         1
         0
       296         2         1
  7.8200000E+03
       384         2         1
  1.0000000E-35
       286         1         1
         0
       288         3        80
                                                                                
       289         3        80
                                                                                
       343         1         1
         0
       344         3        10
                                                                                
       345         1         1
         0
       305         3        10
                                                                                
       800         1         1
         0
       801         3        80
                                                                                
       802         3        80
                                                                                
       803         1         6
         0         0         0         0         0         0
       804         2         3
  1.0000000E+00  0.0000000E+00  0.0000000E+00
       805         2         3
  1.0000000E+00  0.0000000E+00  0.0000000E+00
       806         2         3
  1.0000000E+00  0.0000000E+00  0.0000000E+00
       807         2         3
  1.0000000E+00  0.0000000E+00  0.0000000E+00
       118         2         1
  0.0000000E+00
       154         1         1
         1
       260         2         1
  0.0000000E+00
       441         2         1
  0.0000000E+00
       442         2         1
  0.0000000E+00
       443         2         1
  0.0000000E+00
    -1
    -1
  2400
          13     7    -1           0
Fem1                                                                            
                                                                                
 0 0 0 0 0 0 0 0 0 0 0 0 0 0 0 0 0 0 0 0 0 0 0 0 0 0 0 0 0 0 0 0
03-Mar-16   21:01:10           0           0           0
           0
    -1
    -1
  2411
         1         1         1        11
  -8.0000000000000016D-02   2.1666666666666654D-02   5.0000000000000003D-02
         2         1         1        11
  -8.0000000000000016D-02   2.1666666666666692D-02   9.9999999999999992D-02
         3         1         1        11
  -7.9999999999999988D-02  -2.6666666666666661D-02   4.9999999999999996D-02
         4         1         1        11
  -8.0000000000000002D-02  -2.6666666666666637D-02   1.0000000000000002D-01
         5         1         1        11
  -2.3333333333333345D-02  -7.4999999999999997D-02   5.0000000000000031D-02
         6         1         1        11
  -2.3333333333333348D-02  -7.4999999999999983D-02   9.9999999999999978D-02
         7         1         1        11
   3.3333333333333312D-02  -7.4999999999999997D-02   5.0000000000000003D-02
         8         1         1        11
   3.3333333333333347D-02  -7.4999999999999983D-02   1.0000000000000001D-01
         9         1         1        11
  -2.3333333333333317D-02  -2.6666666666666651D-02   0.0000000000000000D+00
        10         1         1        11
   3.3333333333333340D-02  -2.6666666666666672D-02   0.0000000000000000D+00
        11         1         1        11
  -2.3333333333333300D-02   2.1666666666666664D-02   0.0000000000000000D+00
        12         1         1        11
   3.3333333333333361D-02   2.1666666666666636D-02   0.0000000000000000D+00
        13         1         1        11
  -2.3333333333333310D-02   2.1666666666666678D-02   1.5000000000000002D-01
        14         1         1        11
   3.3333333333333361D-02   2.1666666666666664D-02   1.4999999999999997D-01
        15         1         1        11
  -2.3333333333333345D-02  -2.6666666666666630D-02   1.5000000000000002D-01
        16         1         1        11
   3.3333333333333347D-02  -2.6666666666666679D-02   1.4999999999999999D-01
        17         1         1        11
   3.3333333333333347D-02   7.0000000000000021D-02   4.9999999999999996D-02
        18         1         1        11
   3.3333333333333361D-02   7.0000000000000007D-02   1.0000000000000002D-01
        19         1         1        11
  -2.3333333333333324D-02   7.0000000000000007D-02   5.0000000000000003D-02
        20         1         1        11
  -2.3333333333333307D-02   7.0000000000000034D-02   1.0000000000000005D-01
        21         1         1        11
   9.0000000000000011D-02  -2.6666666666666689D-02   5.0000000000000010D-02
        22         1         1        11
   8.9999999999999997D-02  -2.6666666666666675D-02   9.9999999999999978D-02
        23         1         1        11
   8.9999999999999983D-02   2.1666666666666626D-02   5.0000000000000003D-02
        24         1         1        11
   9.0000000000000038D-02   2.1666666666666654D-02   1.0000000000000005D-01
        25         1         1        11
  -8.0000000000000002D-02  -7.4999999999999997D-02   1.0000000000000001D-01
        26         1         1        11
  -8.0000000000000002D-02  -7.4999999999999997D-02   5.0000000000000003D-02
        27         1         1        11
  -8.0000000000000002D-02   2.1666666666666671D-02   0.0000000000000000D+00
        28         1         1        11
  -8.0000000000000002D-02  -2.6666666666666658D-02   0.0000000000000000D+00
        29         1         1        11
  -8.0000000000000002D-02   2.1666666666666671D-02   1.4999999999999999D-01
        30         1         1        11
  -8.0000000000000002D-02  -2.6666666666666658D-02   1.4999999999999999D-01
        31         1         1        11
  -8.0000000000000002D-02   7.0000000000000007D-02   1.0000000000000001D-01
        32         1         1        11
  -8.0000000000000002D-02   7.0000000000000007D-02   5.0000000000000003D-02
        33         1         1        11
  -2.3333333333333338D-02  -7.4999999999999997D-02   0.0000000000000000D+00
        34         1         1        11
   3.3333333333333326D-02  -7.4999999999999997D-02   0.0000000000000000D+00
        35         1         1        11
  -2.3333333333333338D-02  -7.4999999999999997D-02   1.4999999999999999D-01
        36         1         1        11
   3.3333333333333326D-02  -7.4999999999999997D-02   1.4999999999999999D-01
        37         1         1        11
   3.3333333333333340D-02   7.0000000000000007D-02   0.0000000000000000D+00
        38         1         1        11
  -2.3333333333333327D-02   7.0000000000000007D-02   0.0000000000000000D+00
        39         1         1        11
   3.3333333333333340D-02   7.0000000000000007D-02   1.4999999999999999D-01
        40         1         1        11
  -2.3333333333333327D-02   7.0000000000000007D-02   1.4999999999999999D-01
        41         1         1        11
   8.9999999999999997D-02  -7.4999999999999997D-02   1.0000000000000001D-01
        42         1         1        11
   8.9999999999999997D-02  -7.4999999999999997D-02   5.0000000000000003D-02
        43         1         1        11
   8.9999999999999997D-02  -2.6666666666666672D-02   0.0000000000000000D+00
        44         1         1        11
   8.9999999999999997D-02   2.1666666666666657D-02   0.0000000000000000D+00
        45         1         1        11
   8.9999999999999997D-02  -2.6666666666666672D-02   1.4999999999999999D-01
        46         1         1        11
   8.9999999999999997D-02   2.1666666666666657D-02   1.4999999999999999D-01
        47         1         1        11
   8.9999999999999997D-02   7.0000000000000007D-02   1.0000000000000001D-01
        48         1         1        11
   8.9999999999999997D-02   7.0000000000000007D-02   5.0000000000000003D-02
        49         1         1        11
  -8.0000000000000002D-02  -7.4999999999999997D-02   1.4999999999999999D-01
        50         1         1        11
  -8.0000000000000002D-02  -7.4999999999999997D-02   0.0000000000000000D+00
        51         1         1        11
  -8.0000000000000002D-02   7.0000000000000007D-02   0.0000000000000000D+00
        52         1         1        11
  -8.0000000000000002D-02   7.0000000000000007D-02   1.4999999999999999D-01
        53         1         1        11
   8.9999999999999997D-02  -7.4999999999999997D-02   0.0000000000000000D+00
        54         1         1        11
   8.9999999999999997D-02  -7.4999999999999997D-02   1.4999999999999999D-01
        55         1         1        11
   8.9999999999999997D-02   7.0000000000000007D-02   0.0000000000000000D+00
        56         1         1        11
   8.9999999999999997D-02   7.0000000000000007D-02   1.4999999999999999D-01
    -1
    -1
  2412
         1        74         1        -1         7         3
         1         3         4
         2        74         1        -1         7         3
         1         4         2
         3        74         1        -1         7         3
        51        27         1
         4        74         1        -1         7         3
        51         1        32
         5        74         1        -1         7         3
        27        28         3
         6        74         1        -1         7         3
        27         3         1
         7        74         1        -1         7         3
        28        50        26
         8        74         1        -1         7         3
        28        26         3
         9        74         1        -1         7         3
         3        26        25
        10        74         1        -1         7         3
         3        25         4
        11        74         1        -1         7         3
         4        25        49
        12        74         1        -1         7         3
         4        49        30
        13        74         1        -1         7         3
         2         4        30
        14        74         1        -1         7         3
         2        30        29
        15        74         1        -1         7         3
        31         2        29
        16        74         1        -1         7         3
        31        29        52
        17        74         1        -1         7         3
        32         1         2
        18        74         1        -1         7         3
        32         2        31
        19        74         1        -1         7         3
         5         7         8
        20        74         1        -1         7         3
         5         8         6
        21        74         1        -1         7         3
        50        33         5
        22        74         1        -1         7         3
        50         5        26
        23        74         1        -1         7         3
        33        34         7
        24        74         1        -1         7         3
        33         7         5
        25        74         1        -1         7         3
        34        53        42
        26        74         1        -1         7         3
        34        42         7
        27        74         1        -1         7         3
         7        42        41
        28        74         1        -1         7         3
         7        41         8
        29        74         1        -1         7         3
         8        41        54
        30        74         1        -1         7         3
         8        54        36
        31        74         1        -1         7         3
         6         8        36
        32        74         1        -1         7         3
         6        36        35
        33        74         1        -1         7         3
        25         6        35
        34        74         1        -1         7         3
        25        35        49
        35        74         1        -1         7         3
        26         5         6
        36        74         1        -1         7         3
        26         6        25
        37        74         1        -1         7         3
         9        11        12
        38        74         1        -1         7         3
         9        12        10
        39        74         1        -1         7         3
        50        28         9
        40        74         1        -1         7         3
        50         9        33
        41        74         1        -1         7         3
        28        27        11
        42        74         1        -1         7         3
        28        11         9
        43        74         1        -1         7         3
        27        51        38
        44        74         1        -1         7         3
        27        38        11
        45        74         1        -1         7         3
        11        38        37
        46        74         1        -1         7         3
        11        37        12
        47        74         1        -1         7         3
        12        37        55
        48        74         1        -1         7         3
        12        55        44
        49        74         1        -1         7         3
        10        12        44
        50        74         1        -1         7         3
        10        44        43
        51        74         1        -1         7         3
        34        10        43
        52        74         1        -1         7         3
        34        43        53
        53        74         1        -1         7         3
        33         9        10
        54        74         1        -1         7         3
        33        10        34
        55        74         1        -1         7         3
        13        15        16
        56        74         1        -1         7         3
        13        16        14
        57        74         1        -1         7         3
        52        29        13
        58        74         1        -1         7         3
        52        13        40
        59        74         1        -1         7         3
        29        30        15
        60        74         1        -1         7         3
        29        15        13
        61        74         1        -1         7         3
        30        49        35
        62        74         1        -1         7         3
        30        35        15
        63        74         1        -1         7         3
        15        35        36
        64        74         1        -1         7         3
        15        36        16
        65        74         1        -1         7         3
        16        36        54
        66        74         1        -1         7         3
        16        54        45
        67        74         1        -1         7         3
        14        16        45
        68        74         1        -1         7         3
        14        45        46
        69        74         1        -1         7         3
        39        14        46
        70        74         1        -1         7         3
        39        46        56
        71        74         1        -1         7         3
        40        13        14
        72        74         1        -1         7         3
        40        14        39
        73        74         1        -1         7         3
        17        19        20
        74        74         1        -1         7         3
        17        20        18
        75        74         1        -1         7         3
        55        37        17
        76        74         1        -1         7         3
        55        17        48
        77        74         1        -1         7         3
        37        38        19
        78        74         1        -1         7         3
        37        19        17
        79        74         1        -1         7         3
        38        51        32
        80        74         1        -1         7         3
        38        32        19
        81        74         1        -1         7         3
        19        32        31
        82        74         1        -1         7         3
        19        31        20
        83        74         1        -1         7         3
        20        31        52
        84        74         1        -1         7         3
        20        52        40
        85        74         1        -1         7         3
        18        20        40
        86        74         1        -1         7         3
        18        40        39
        87        74         1        -1         7         3
        47        18        39
        88        74         1        -1         7         3
        47        39        56
        89        74         1        -1         7         3
        48        17        18
        90        74         1        -1         7         3
        48        18        47
        91        74         1        -1         7         3
        21        23        24
        92        74         1        -1         7         3
        21        24        22
        93        74         1        -1         7         3
        53        43        21
        94        74         1        -1         7         3
        53        21        42
        95        74         1        -1         7         3
        43        44        23
        96        74         1        -1         7         3
        43        23        21
        97        74         1        -1         7         3
        44        55        48
        98        74         1        -1         7         3
        44        48        23
        99        74         1        -1         7         3
        23        48        47
       100        74         1        -1         7         3
        23        47        24
       101        74         1        -1         7         3
        24        47        56
       102        74         1        -1         7         3
        24        56        46
       103        74         1        -1         7         3
        22        24        46
       104        74         1        -1         7         3
        22        46        45
       105        74         1        -1         7         3
        41        22        45
       106        74         1        -1         7         3
        41        45        54
       107        74         1        -1         7         3
        42        21        22
       108        74         1        -1         7         3
        42        22        41
    -1
    -1
  2420
         9
                                                                                
         1         0         7
CS1                                                                             
  1.00000000000000000D+00  0.00000000000000000D+00  0.00000000000000000D+00
  0.00000000000000000D+00  1.00000000000000000D+00  0.00000000000000000D+00
  0.00000000000000000D+00  0.00000000000000000D+00  1.00000000000000000D+00
  0.00000000000000000D+00  0.00000000000000000D+00  0.00000000000000000D+00
    -1
