    -1
   151
Unknown                                                                         
Unknown                                                                         
NX: Advanced Simulation                                                         
Unknown   Unknown            0         0         0
Unknown   Unknown   
NX: Universal Importer/Exporter                                                 
03-Mar-16 20:56:46      0    0    0    0    0
    -1
    -1
   164
         1Meter (newton)               2
  1.00000000000000000D+00  1.00000000000000000D+00  1.00000000000000000D+00
  2.73149999999999980D+02
    -1
    -1
  2470
         1        90        80
Thin Shell1                             
         1         2         4
  1.0000000E-03  1.0000000E-35  1.0000000E-35  1.0000000E-35
        46         2         1
  1.0000000E+00
        47         2         1
  8.3333302E-01
        48         2         1
  1.0000000E-35
        52         2         2
  1.0000000E-35  1.0000000E-35
        82         2         1
  0.0000000E+00
       117         1        12
      -999      -999      -999      -999      -999      -999      -999      -999
      -999      -999      -999      -999
       263         1         1
         0
       264         1         1
         0
       265         1         1
         0
       266         1         1
         0
       262         3        10
Mindlin                                                                         
       271         1         1
         9
       272         1         1
         0
       273         1         1
         1
       274         1         1
         1
       275         1         1
         1
       276         1         1
         0
       277         1         1
         0
       278         1         1
         0
       279         2         1
  1.0000000E-35
        88         3        10
                                                                                
       287         1         1
         0
       297         3        20
PSHELL                                                                          
       298         3        20
PSHELL                                                                          
       299         3        20
PSHELL                                                                          
       300         3        20
PSHELL                                                                          
       301         3        20
SHELL SECT                                                                      
       302         3        20
SHELL SECT                                                                      
       303         3        20
SHELL SECT                                                                      
       321         2         1
  1.0000000E-35
       322         2         1
  1.0000000E-35
       316         1         1
         1
       317         1         1
      -999
       323         3         6
                                                                                
       309         1         1
         0
       326         2         1
  0.0000000E+00
       327         2         1
  0.0000000E+00
       328         2         1
  0.0000000E+00
       329         2         1
  0.0000000E+00
       330         2         1
  0.0000000E+00
       331         2         1
  0.0000000E+00
       312         1         1
         1
       332         1         1
         0
       333         2         3
  0.0000000E+00  0.0000000E+00  0.0000000E+00
       336         1         1
         0
       337         2         1
  0.0000000E+00
       338         3         8
SIMPSON                                                                         
       370         1         1
         0
       339         1         3
         3         0         0
       340         1         1
         0
       341         2         1
  0.0000000E+00
       281         1         1
         0
       282         3        96
                                                                                
                                                                                
       283         1         1
      -999
       284         3        14
                                                                                
       285         1         1
         0
       296         2         1
  7.8200000E+03
       384         2         1
  1.0000000E-35
       286         1         1
         0
       288         3        80
                                                                                
       289         3        80
                                                                                
       343         1         1
         0
       344         3        10
                                                                                
       345         1         1
         0
       305         3        10
                                                                                
       800         1         1
         0
       801         3        80
                                                                                
       802         3        80
                                                                                
       803         1         6
         0         0         0         0         0         0
       804         2         3
  1.0000000E+00  0.0000000E+00  0.0000000E+00
       805         2         3
  1.0000000E+00  0.0000000E+00  0.0000000E+00
       806         2         3
  1.0000000E+00  0.0000000E+00  0.0000000E+00
       807         2         3
  1.0000000E+00  0.0000000E+00  0.0000000E+00
       118         2         1
  0.0000000E+00
       154         1         1
         1
       260         2         1
  0.0000000E+00
       441         2         1
  0.0000000E+00
       442         2         1
  0.0000000E+00
       443         2         1
  0.0000000E+00
         2        90        80
Thin Shell2                             
         1         2         4
  1.0000000E-03  1.0000000E-35  1.0000000E-35  1.0000000E-35
        46         2         1
  1.0000000E+00
        47         2         1
  8.3333302E-01
        48         2         1
  1.0000000E-35
        52         2         2
  1.0000000E-35  1.0000000E-35
        82         2         1
  0.0000000E+00
       117         1        12
      -999      -999      -999      -999      -999      -999      -999      -999
      -999      -999      -999      -999
       263         1         1
         0
       264         1         1
         0
       265         1         1
         0
       266         1         1
         0
       262         3        10
Mindlin                                                                         
       271         1         1
         9
       272         1         1
         0
       273         1         1
         1
       274         1         1
         1
       275         1         1
         1
       276         1         1
         0
       277         1         1
         0
       278         1         1
         0
       279         2         1
  1.0000000E-35
        88         3        10
                                                                                
       287         1         1
         0
       297         3        20
PSHELL                                                                          
       298         3        20
PSHELL                                                                          
       299         3        20
PSHELL                                                                          
       300         3        20
PSHELL                                                                          
       301         3        20
SHELL SECT                                                                      
       302         3        20
SHELL SECT                                                                      
       303         3        20
SHELL SECT                                                                      
       321         2         1
  1.0000000E-35
       322         2         1
  1.0000000E-35
       316         1         1
         1
       317         1         1
      -999
       323         3         6
                                                                                
       309         1         1
         0
       326         2         1
  0.0000000E+00
       327         2         1
  0.0000000E+00
       328         2         1
  0.0000000E+00
       329         2         1
  0.0000000E+00
       330         2         1
  0.0000000E+00
       331         2         1
  0.0000000E+00
       312         1         1
         1
       332         1         1
         0
       333         2         3
  0.0000000E+00  0.0000000E+00  0.0000000E+00
       336         1         1
         0
       337         2         1
  0.0000000E+00
       338         3         8
SIMPSON                                                                         
       370         1         1
         0
       339         1         3
         3         0         0
       340         1         1
         0
       341         2         1
  0.0000000E+00
       281         1         1
         0
       282         3        96
                                                                                
                                                                                
       283         1         1
      -999
       284         3        14
                                                                                
       285         1         1
         0
       296         2         1
  7.8200000E+03
       384         2         1
  1.0000000E-35
       286         1         1
         0
       288         3        80
                                                                                
       289         3        80
                                                                                
       343         1         1
         0
       344         3        10
                                                                                
       345         1         1
         0
       305         3        10
                                                                                
       800         1         1
         0
       801         3        80
                                                                                
       802         3        80
                                                                                
       803         1         6
         0         0         0         0         0         0
       804         2         3
  1.0000000E+00  0.0000000E+00  0.0000000E+00
       805         2         3
  1.0000000E+00  0.0000000E+00  0.0000000E+00
       806         2         3
  1.0000000E+00  0.0000000E+00  0.0000000E+00
       807         2         3
  1.0000000E+00  0.0000000E+00  0.0000000E+00
       118         2         1
  0.0000000E+00
       154         1         1
         1
       260         2         1
  0.0000000E+00
       441         2         1
  0.0000000E+00
       442         2         1
  0.0000000E+00
       443         2         1
  0.0000000E+00
         3        90        80
Thin Shell3                             
         1         2         4
  1.0000000E-03  1.0000000E-35  1.0000000E-35  1.0000000E-35
        46         2         1
  1.0000000E+00
        47         2         1
  8.3333302E-01
        48         2         1
  1.0000000E-35
        52         2         2
  1.0000000E-35  1.0000000E-35
        82         2         1
  0.0000000E+00
       117         1        12
      -999      -999      -999      -999      -999      -999      -999      -999
      -999      -999      -999      -999
       263         1         1
         0
       264         1         1
         0
       265         1         1
         0
       266         1         1
         0
       262         3        10
Mindlin                                                                         
       271         1         1
         9
       272         1         1
         0
       273         1         1
         1
       274         1         1
         1
       275         1         1
         1
       276         1         1
         0
       277         1         1
         0
       278         1         1
         0
       279         2         1
  1.0000000E-35
        88         3        10
                                                                                
       287         1         1
         0
       297         3        20
PSHELL                                                                          
       298         3        20
PSHELL                                                                          
       299         3        20
PSHELL                                                                          
       300         3        20
PSHELL                                                                          
       301         3        20
SHELL SECT                                                                      
       302         3        20
SHELL SECT                                                                      
       303         3        20
SHELL SECT                                                                      
       321         2         1
  1.0000000E-35
       322         2         1
  1.0000000E-35
       316         1         1
         1
       317         1         1
      -999
       323         3         6
                                                                                
       309         1         1
         0
       326         2         1
  0.0000000E+00
       327         2         1
  0.0000000E+00
       328         2         1
  0.0000000E+00
       329         2         1
  0.0000000E+00
       330         2         1
  0.0000000E+00
       331         2         1
  0.0000000E+00
       312         1         1
         1
       332         1         1
         0
       333         2         3
  0.0000000E+00  0.0000000E+00  0.0000000E+00
       336         1         1
         0
       337         2         1
  0.0000000E+00
       338         3         8
SIMPSON                                                                         
       370         1         1
         0
       339         1         3
         3         0         0
       340         1         1
         0
       341         2         1
  0.0000000E+00
       281         1         1
         0
       282         3        96
                                                                                
                                                                                
       283         1         1
      -999
       284         3        14
                                                                                
       285         1         1
         0
       296         2         1
  7.8200000E+03
       384         2         1
  1.0000000E-35
       286         1         1
         0
       288         3        80
                                                                                
       289         3        80
                                                                                
       343         1         1
         0
       344         3        10
                                                                                
       345         1         1
         0
       305         3        10
                                                                                
       800         1         1
         0
       801         3        80
                                                                                
       802         3        80
                                                                                
       803         1         6
         0         0         0         0         0         0
       804         2         3
  1.0000000E+00  0.0000000E+00  0.0000000E+00
       805         2         3
  1.0000000E+00  0.0000000E+00  0.0000000E+00
       806         2         3
  1.0000000E+00  0.0000000E+00  0.0000000E+00
       807         2         3
  1.0000000E+00  0.0000000E+00  0.0000000E+00
       118         2         1
  0.0000000E+00
       154         1         1
         1
       260         2         1
  0.0000000E+00
       441         2         1
  0.0000000E+00
       442         2         1
  0.0000000E+00
       443         2         1
  0.0000000E+00
         4        90        80
Thin Shell4                             
         1         2         4
  1.0000000E-03  1.0000000E-35  1.0000000E-35  1.0000000E-35
        46         2         1
  1.0000000E+00
        47         2         1
  8.3333302E-01
        48         2         1
  1.0000000E-35
        52         2         2
  1.0000000E-35  1.0000000E-35
        82         2         1
  0.0000000E+00
       117         1        12
      -999      -999      -999      -999      -999      -999      -999      -999
      -999      -999      -999      -999
       263         1         1
         0
       264         1         1
         0
       265         1         1
         0
       266         1         1
         0
       262         3        10
Mindlin                                                                         
       271         1         1
         9
       272         1         1
         0
       273         1         1
         1
       274         1         1
         1
       275         1         1
         1
       276         1         1
         0
       277         1         1
         0
       278         1         1
         0
       279         2         1
  1.0000000E-35
        88         3        10
                                                                                
       287         1         1
         0
       297         3        20
PSHELL                                                                          
       298         3        20
PSHELL                                                                          
       299         3        20
PSHELL                                                                          
       300         3        20
PSHELL                                                                          
       301         3        20
SHELL SECT                                                                      
       302         3        20
SHELL SECT                                                                      
       303         3        20
SHELL SECT                                                                      
       321         2         1
  1.0000000E-35
       322         2         1
  1.0000000E-35
       316         1         1
         1
       317         1         1
      -999
       323         3         6
                                                                                
       309         1         1
         0
       326         2         1
  0.0000000E+00
       327         2         1
  0.0000000E+00
       328         2         1
  0.0000000E+00
       329         2         1
  0.0000000E+00
       330         2         1
  0.0000000E+00
       331         2         1
  0.0000000E+00
       312         1         1
         1
       332         1         1
         0
       333         2         3
  0.0000000E+00  0.0000000E+00  0.0000000E+00
       336         1         1
         0
       337         2         1
  0.0000000E+00
       338         3         8
SIMPSON                                                                         
       370         1         1
         0
       339         1         3
         3         0         0
       340         1         1
         0
       341         2         1
  0.0000000E+00
       281         1         1
         0
       282         3        96
                                                                                
                                                                                
       283         1         1
      -999
       284         3        14
                                                                                
       285         1         1
         0
       296         2         1
  7.8200000E+03
       384         2         1
  1.0000000E-35
       286         1         1
         0
       288         3        80
                                                                                
       289         3        80
                                                                                
       343         1         1
         0
       344         3        10
                                                                                
       345         1         1
         0
       305         3        10
                                                                                
       800         1         1
         0
       801         3        80
                                                                                
       802         3        80
                                                                                
       803         1         6
         0         0         0         0         0         0
       804         2         3
  1.0000000E+00  0.0000000E+00  0.0000000E+00
       805         2         3
  1.0000000E+00  0.0000000E+00  0.0000000E+00
       806         2         3
  1.0000000E+00  0.0000000E+00  0.0000000E+00
       807         2         3
  1.0000000E+00  0.0000000E+00  0.0000000E+00
       118         2         1
  0.0000000E+00
       154         1         1
         1
       260         2         1
  0.0000000E+00
       441         2         1
  0.0000000E+00
       442         2         1
  0.0000000E+00
       443         2         1
  0.0000000E+00
         5        90        80
Thin Shell5                             
         1         2         4
  1.0000000E-03  1.0000000E-35  1.0000000E-35  1.0000000E-35
        46         2         1
  1.0000000E+00
        47         2         1
  8.3333302E-01
        48         2         1
  1.0000000E-35
        52         2         2
  1.0000000E-35  1.0000000E-35
        82         2         1
  0.0000000E+00
       117         1        12
      -999      -999      -999      -999      -999      -999      -999      -999
      -999      -999      -999      -999
       263         1         1
         0
       264         1         1
         0
       265         1         1
         0
       266         1         1
         0
       262         3        10
Mindlin                                                                         
       271         1         1
         9
       272         1         1
         0
       273         1         1
         1
       274         1         1
         1
       275         1         1
         1
       276         1         1
         0
       277         1         1
         0
       278         1         1
         0
       279         2         1
  1.0000000E-35
        88         3        10
                                                                                
       287         1         1
         0
       297         3        20
PSHELL                                                                          
       298         3        20
PSHELL                                                                          
       299         3        20
PSHELL                                                                          
       300         3        20
PSHELL                                                                          
       301         3        20
SHELL SECT                                                                      
       302         3        20
SHELL SECT                                                                      
       303         3        20
SHELL SECT                                                                      
       321         2         1
  1.0000000E-35
       322         2         1
  1.0000000E-35
       316         1         1
         1
       317         1         1
      -999
       323         3         6
                                                                                
       309         1         1
         0
       326         2         1
  0.0000000E+00
       327         2         1
  0.0000000E+00
       328         2         1
  0.0000000E+00
       329         2         1
  0.0000000E+00
       330         2         1
  0.0000000E+00
       331         2         1
  0.0000000E+00
       312         1         1
         1
       332         1         1
         0
       333         2         3
  0.0000000E+00  0.0000000E+00  0.0000000E+00
       336         1         1
         0
       337         2         1
  0.0000000E+00
       338         3         8
SIMPSON                                                                         
       370         1         1
         0
       339         1         3
         3         0         0
       340         1         1
         0
       341         2         1
  0.0000000E+00
       281         1         1
         0
       282         3        96
                                                                                
                                                                                
       283         1         1
      -999
       284         3        14
                                                                                
       285         1         1
         0
       296         2         1
  7.8200000E+03
       384         2         1
  1.0000000E-35
       286         1         1
         0
       288         3        80
                                                                                
       289         3        80
                                                                                
       343         1         1
         0
       344         3        10
                                                                                
       345         1         1
         0
       305         3        10
                                                                                
       800         1         1
         0
       801         3        80
                                                                                
       802         3        80
                                                                                
       803         1         6
         0         0         0         0         0         0
       804         2         3
  1.0000000E+00  0.0000000E+00  0.0000000E+00
       805         2         3
  1.0000000E+00  0.0000000E+00  0.0000000E+00
       806         2         3
  1.0000000E+00  0.0000000E+00  0.0000000E+00
       807         2         3
  1.0000000E+00  0.0000000E+00  0.0000000E+00
       118         2         1
  0.0000000E+00
       154         1         1
         1
       260         2         1
  0.0000000E+00
       441         2         1
  0.0000000E+00
       442         2         1
  0.0000000E+00
       443         2         1
  0.0000000E+00
         6        90        80
Thin Shell6                             
         1         2         4
  1.0000000E-03  1.0000000E-35  1.0000000E-35  1.0000000E-35
        46         2         1
  1.0000000E+00
        47         2         1
  8.3333302E-01
        48         2         1
  1.0000000E-35
        52         2         2
  1.0000000E-35  1.0000000E-35
        82         2         1
  0.0000000E+00
       117         1        12
      -999      -999      -999      -999      -999      -999      -999      -999
      -999      -999      -999      -999
       263         1         1
         0
       264         1         1
         0
       265         1         1
         0
       266         1         1
         0
       262         3        10
Mindlin                                                                         
       271         1         1
         9
       272         1         1
         0
       273         1         1
         1
       274         1         1
         1
       275         1         1
         1
       276         1         1
         0
       277         1         1
         0
       278         1         1
         0
       279         2         1
  1.0000000E-35
        88         3        10
                                                                                
       287         1         1
         0
       297         3        20
PSHELL                                                                          
       298         3        20
PSHELL                                                                          
       299         3        20
PSHELL                                                                          
       300         3        20
PSHELL                                                                          
       301         3        20
SHELL SECT                                                                      
       302         3        20
SHELL SECT                                                                      
       303         3        20
SHELL SECT                                                                      
       321         2         1
  1.0000000E-35
       322         2         1
  1.0000000E-35
       316         1         1
         1
       317         1         1
      -999
       323         3         6
                                                                                
       309         1         1
         0
       326         2         1
  0.0000000E+00
       327         2         1
  0.0000000E+00
       328         2         1
  0.0000000E+00
       329         2         1
  0.0000000E+00
       330         2         1
  0.0000000E+00
       331         2         1
  0.0000000E+00
       312         1         1
         1
       332         1         1
         0
       333         2         3
  0.0000000E+00  0.0000000E+00  0.0000000E+00
       336         1         1
         0
       337         2         1
  0.0000000E+00
       338         3         8
SIMPSON                                                                         
       370         1         1
         0
       339         1         3
         3         0         0
       340         1         1
         0
       341         2         1
  0.0000000E+00
       281         1         1
         0
       282         3        96
                                                                                
                                                                                
       283         1         1
      -999
       284         3        14
                                                                                
       285         1         1
         0
       296         2         1
  7.8200000E+03
       384         2         1
  1.0000000E-35
       286         1         1
         0
       288         3        80
                                                                                
       289         3        80
                                                                                
       343         1         1
         0
       344         3        10
                                                                                
       345         1         1
         0
       305         3        10
                                                                                
       800         1         1
         0
       801         3        80
                                                                                
       802         3        80
                                                                                
       803         1         6
         0         0         0         0         0         0
       804         2         3
  1.0000000E+00  0.0000000E+00  0.0000000E+00
       805         2         3
  1.0000000E+00  0.0000000E+00  0.0000000E+00
       806         2         3
  1.0000000E+00  0.0000000E+00  0.0000000E+00
       807         2         3
  1.0000000E+00  0.0000000E+00  0.0000000E+00
       118         2         1
  0.0000000E+00
       154         1         1
         1
       260         2         1
  0.0000000E+00
       441         2         1
  0.0000000E+00
       442         2         1
  0.0000000E+00
       443         2         1
  0.0000000E+00
         7        90        80
Thin Shell7                             
         1         2         4
  1.0000000E-03  1.0000000E-35  1.0000000E-35  1.0000000E-35
        46         2         1
  1.0000000E+00
        47         2         1
  8.3333302E-01
        48         2         1
  1.0000000E-35
        52         2         2
  1.0000000E-35  1.0000000E-35
        82         2         1
  0.0000000E+00
       117         1        12
      -999      -999      -999      -999      -999      -999      -999      -999
      -999      -999      -999      -999
       263         1         1
         0
       264         1         1
         0
       265         1         1
         0
       266         1         1
         0
       262         3        10
Mindlin                                                                         
       271         1         1
         9
       272         1         1
         0
       273         1         1
         1
       274         1         1
         1
       275         1         1
         1
       276         1         1
         0
       277         1         1
         0
       278         1         1
         0
       279         2         1
  1.0000000E-35
        88         3        10
                                                                                
       287         1         1
         0
       297         3        20
PSHELL                                                                          
       298         3        20
PSHELL                                                                          
       299         3        20
PSHELL                                                                          
       300         3        20
PSHELL                                                                          
       301         3        20
SHELL SECT                                                                      
       302         3        20
SHELL SECT                                                                      
       303         3        20
SHELL SECT                                                                      
       321         2         1
  1.0000000E-35
       322         2         1
  1.0000000E-35
       316         1         1
         1
       317         1         1
      -999
       323         3         6
                                                                                
       309         1         1
         0
       326         2         1
  0.0000000E+00
       327         2         1
  0.0000000E+00
       328         2         1
  0.0000000E+00
       329         2         1
  0.0000000E+00
       330         2         1
  0.0000000E+00
       331         2         1
  0.0000000E+00
       312         1         1
         1
       332         1         1
         0
       333         2         3
  0.0000000E+00  0.0000000E+00  0.0000000E+00
       336         1         1
         0
       337         2         1
  0.0000000E+00
       338         3         8
SIMPSON                                                                         
       370         1         1
         0
       339         1         3
         3         0         0
       340         1         1
         0
       341         2         1
  0.0000000E+00
       281         1         1
         0
       282         3        96
                                                                                
                                                                                
       283         1         1
      -999
       284         3        14
                                                                                
       285         1         1
         0
       296         2         1
  7.8200000E+03
       384         2         1
  1.0000000E-35
       286         1         1
         0
       288         3        80
                                                                                
       289         3        80
                                                                                
       343         1         1
         0
       344         3        10
                                                                                
       345         1         1
         0
       305         3        10
                                                                                
       800         1         1
         0
       801         3        80
                                                                                
       802         3        80
                                                                                
       803         1         6
         0         0         0         0         0         0
       804         2         3
  1.0000000E+00  0.0000000E+00  0.0000000E+00
       805         2         3
  1.0000000E+00  0.0000000E+00  0.0000000E+00
       806         2         3
  1.0000000E+00  0.0000000E+00  0.0000000E+00
       807         2         3
  1.0000000E+00  0.0000000E+00  0.0000000E+00
       118         2         1
  0.0000000E+00
       154         1         1
         1
       260         2         1
  0.0000000E+00
       441         2         1
  0.0000000E+00
       442         2         1
  0.0000000E+00
       443         2         1
  0.0000000E+00
         8        90        80
Thin Shell8                             
         1         2         4
  1.0000000E-03  1.0000000E-35  1.0000000E-35  1.0000000E-35
        46         2         1
  1.0000000E+00
        47         2         1
  8.3333302E-01
        48         2         1
  1.0000000E-35
        52         2         2
  1.0000000E-35  1.0000000E-35
        82         2         1
  0.0000000E+00
       117         1        12
      -999      -999      -999      -999      -999      -999      -999      -999
      -999      -999      -999      -999
       263         1         1
         0
       264         1         1
         0
       265         1         1
         0
       266         1         1
         0
       262         3        10
Mindlin                                                                         
       271         1         1
         9
       272         1         1
         0
       273         1         1
         1
       274         1         1
         1
       275         1         1
         1
       276         1         1
         0
       277         1         1
         0
       278         1         1
         0
       279         2         1
  1.0000000E-35
        88         3        10
                                                                                
       287         1         1
         0
       297         3        20
PSHELL                                                                          
       298         3        20
PSHELL                                                                          
       299         3        20
PSHELL                                                                          
       300         3        20
PSHELL                                                                          
       301         3        20
SHELL SECT                                                                      
       302         3        20
SHELL SECT                                                                      
       303         3        20
SHELL SECT                                                                      
       321         2         1
  1.0000000E-35
       322         2         1
  1.0000000E-35
       316         1         1
         1
       317         1         1
      -999
       323         3         6
                                                                                
       309         1         1
         0
       326         2         1
  0.0000000E+00
       327         2         1
  0.0000000E+00
       328         2         1
  0.0000000E+00
       329         2         1
  0.0000000E+00
       330         2         1
  0.0000000E+00
       331         2         1
  0.0000000E+00
       312         1         1
         1
       332         1         1
         0
       333         2         3
  0.0000000E+00  0.0000000E+00  0.0000000E+00
       336         1         1
         0
       337         2         1
  0.0000000E+00
       338         3         8
SIMPSON                                                                         
       370         1         1
         0
       339         1         3
         3         0         0
       340         1         1
         0
       341         2         1
  0.0000000E+00
       281         1         1
         0
       282         3        96
                                                                                
                                                                                
       283         1         1
      -999
       284         3        14
                                                                                
       285         1         1
         0
       296         2         1
  7.8200000E+03
       384         2         1
  1.0000000E-35
       286         1         1
         0
       288         3        80
                                                                                
       289         3        80
                                                                                
       343         1         1
         0
       344         3        10
                                                                                
       345         1         1
         0
       305         3        10
                                                                                
       800         1         1
         0
       801         3        80
                                                                                
       802         3        80
                                                                                
       803         1         6
         0         0         0         0         0         0
       804         2         3
  1.0000000E+00  0.0000000E+00  0.0000000E+00
       805         2         3
  1.0000000E+00  0.0000000E+00  0.0000000E+00
       806         2         3
  1.0000000E+00  0.0000000E+00  0.0000000E+00
       807         2         3
  1.0000000E+00  0.0000000E+00  0.0000000E+00
       118         2         1
  0.0000000E+00
       154         1         1
         1
       260         2         1
  0.0000000E+00
       441         2         1
  0.0000000E+00
       442         2         1
  0.0000000E+00
       443         2         1
  0.0000000E+00
         9        90        80
Thin Shell9                             
         1         2         4
  1.0000000E-03  1.0000000E-35  1.0000000E-35  1.0000000E-35
        46         2         1
  1.0000000E+00
        47         2         1
  8.3333302E-01
        48         2         1
  1.0000000E-35
        52         2         2
  1.0000000E-35  1.0000000E-35
        82         2         1
  0.0000000E+00
       117         1        12
      -999      -999      -999      -999      -999      -999      -999      -999
      -999      -999      -999      -999
       263         1         1
         0
       264         1         1
         0
       265         1         1
         0
       266         1         1
         0
       262         3        10
Mindlin                                                                         
       271         1         1
         9
       272         1         1
         0
       273         1         1
         1
       274         1         1
         1
       275         1         1
         1
       276         1         1
         0
       277         1         1
         0
       278         1         1
         0
       279         2         1
  1.0000000E-35
        88         3        10
                                                                                
       287         1         1
         0
       297         3        20
PSHELL                                                                          
       298         3        20
PSHELL                                                                          
       299         3        20
PSHELL                                                                          
       300         3        20
PSHELL                                                                          
       301         3        20
SHELL SECT                                                                      
       302         3        20
SHELL SECT                                                                      
       303         3        20
SHELL SECT                                                                      
       321         2         1
  1.0000000E-35
       322         2         1
  1.0000000E-35
       316         1         1
         1
       317         1         1
      -999
       323         3         6
                                                                                
       309         1         1
         0
       326         2         1
  0.0000000E+00
       327         2         1
  0.0000000E+00
       328         2         1
  0.0000000E+00
       329         2         1
  0.0000000E+00
       330         2         1
  0.0000000E+00
       331         2         1
  0.0000000E+00
       312         1         1
         1
       332         1         1
         0
       333         2         3
  0.0000000E+00  0.0000000E+00  0.0000000E+00
       336         1         1
         0
       337         2         1
  0.0000000E+00
       338         3         8
SIMPSON                                                                         
       370         1         1
         0
       339         1         3
         3         0         0
       340         1         1
         0
       341         2         1
  0.0000000E+00
       281         1         1
         0
       282         3        96
                                                                                
                                                                                
       283         1         1
      -999
       284         3        14
                                                                                
       285         1         1
         0
       296         2         1
  7.8200000E+03
       384         2         1
  1.0000000E-35
       286         1         1
         0
       288         3        80
                                                                                
       289         3        80
                                                                                
       343         1         1
         0
       344         3        10
                                                                                
       345         1         1
         0
       305         3        10
                                                                                
       800         1         1
         0
       801         3        80
                                                                                
       802         3        80
                                                                                
       803         1         6
         0         0         0         0         0         0
       804         2         3
  1.0000000E+00  0.0000000E+00  0.0000000E+00
       805         2         3
  1.0000000E+00  0.0000000E+00  0.0000000E+00
       806         2         3
  1.0000000E+00  0.0000000E+00  0.0000000E+00
       807         2         3
  1.0000000E+00  0.0000000E+00  0.0000000E+00
       118         2         1
  0.0000000E+00
       154         1         1
         1
       260         2         1
  0.0000000E+00
       441         2         1
  0.0000000E+00
       442         2         1
  0.0000000E+00
       443         2         1
  0.0000000E+00
        10        90        80
Thin Shell10                            
         1         2         4
  1.0000000E-03  1.0000000E-35  1.0000000E-35  1.0000000E-35
        46         2         1
  1.0000000E+00
        47         2         1
  8.3333302E-01
        48         2         1
  1.0000000E-35
        52         2         2
  1.0000000E-35  1.0000000E-35
        82         2         1
  0.0000000E+00
       117         1        12
      -999      -999      -999      -999      -999      -999      -999      -999
      -999      -999      -999      -999
       263         1         1
         0
       264         1         1
         0
       265         1         1
         0
       266         1         1
         0
       262         3        10
Mindlin                                                                         
       271         1         1
         9
       272         1         1
         0
       273         1         1
         1
       274         1         1
         1
       275         1         1
         1
       276         1         1
         0
       277         1         1
         0
       278         1         1
         0
       279         2         1
  1.0000000E-35
        88         3        10
                                                                                
       287         1         1
         0
       297         3        20
PSHELL                                                                          
       298         3        20
PSHELL                                                                          
       299         3        20
PSHELL                                                                          
       300         3        20
PSHELL                                                                          
       301         3        20
SHELL SECT                                                                      
       302         3        20
SHELL SECT                                                                      
       303         3        20
SHELL SECT                                                                      
       321         2         1
  1.0000000E-35
       322         2         1
  1.0000000E-35
       316         1         1
         1
       317         1         1
      -999
       323         3         6
                                                                                
       309         1         1
         0
       326         2         1
  0.0000000E+00
       327         2         1
  0.0000000E+00
       328         2         1
  0.0000000E+00
       329         2         1
  0.0000000E+00
       330         2         1
  0.0000000E+00
       331         2         1
  0.0000000E+00
       312         1         1
         1
       332         1         1
         0
       333         2         3
  0.0000000E+00  0.0000000E+00  0.0000000E+00
       336         1         1
         0
       337         2         1
  0.0000000E+00
       338         3         8
SIMPSON                                                                         
       370         1         1
         0
       339         1         3
         3         0         0
       340         1         1
         0
       341         2         1
  0.0000000E+00
       281         1         1
         0
       282         3        96
                                                                                
                                                                                
       283         1         1
      -999
       284         3        14
                                                                                
       285         1         1
         0
       296         2         1
  7.8200000E+03
       384         2         1
  1.0000000E-35
       286         1         1
         0
       288         3        80
                                                                                
       289         3        80
                                                                                
       343         1         1
         0
       344         3        10
                                                                                
       345         1         1
         0
       305         3        10
                                                                                
       800         1         1
         0
       801         3        80
                                                                                
       802         3        80
                                                                                
       803         1         6
         0         0         0         0         0         0
       804         2         3
  1.0000000E+00  0.0000000E+00  0.0000000E+00
       805         2         3
  1.0000000E+00  0.0000000E+00  0.0000000E+00
       806         2         3
  1.0000000E+00  0.0000000E+00  0.0000000E+00
       807         2         3
  1.0000000E+00  0.0000000E+00  0.0000000E+00
       118         2         1
  0.0000000E+00
       154         1         1
         1
       260         2         1
  0.0000000E+00
       441         2         1
  0.0000000E+00
       442         2         1
  0.0000000E+00
       443         2         1
  0.0000000E+00
        11        90        80
Thin Shell11                            
         1         2         4
  1.0000000E-03  1.0000000E-35  1.0000000E-35  1.0000000E-35
        46         2         1
  1.0000000E+00
        47         2         1
  8.3333302E-01
        48         2         1
  1.0000000E-35
        52         2         2
  1.0000000E-35  1.0000000E-35
        82         2         1
  0.0000000E+00
       117         1        12
      -999      -999      -999      -999      -999      -999      -999      -999
      -999      -999      -999      -999
       263         1         1
         0
       264         1         1
         0
       265         1         1
         0
       266         1         1
         0
       262         3        10
Mindlin                                                                         
       271         1         1
         9
       272         1         1
         0
       273         1         1
         1
       274         1         1
         1
       275         1         1
         1
       276         1         1
         0
       277         1         1
         0
       278         1         1
         0
       279         2         1
  1.0000000E-35
        88         3        10
                                                                                
       287         1         1
         0
       297         3        20
PSHELL                                                                          
       298         3        20
PSHELL                                                                          
       299         3        20
PSHELL                                                                          
       300         3        20
PSHELL                                                                          
       301         3        20
SHELL SECT                                                                      
       302         3        20
SHELL SECT                                                                      
       303         3        20
SHELL SECT                                                                      
       321         2         1
  1.0000000E-35
       322         2         1
  1.0000000E-35
       316         1         1
         1
       317         1         1
      -999
       323         3         6
                                                                                
       309         1         1
         0
       326         2         1
  0.0000000E+00
       327         2         1
  0.0000000E+00
       328         2         1
  0.0000000E+00
       329         2         1
  0.0000000E+00
       330         2         1
  0.0000000E+00
       331         2         1
  0.0000000E+00
       312         1         1
         1
       332         1         1
         0
       333         2         3
  0.0000000E+00  0.0000000E+00  0.0000000E+00
       336         1         1
         0
       337         2         1
  0.0000000E+00
       338         3         8
SIMPSON                                                                         
       370         1         1
         0
       339         1         3
         3         0         0
       340         1         1
         0
       341         2         1
  0.0000000E+00
       281         1         1
         0
       282         3        96
                                                                                
                                                                                
       283         1         1
      -999
       284         3        14
                                                                                
       285         1         1
         0
       296         2         1
  7.8200000E+03
       384         2         1
  1.0000000E-35
       286         1         1
         0
       288         3        80
                                                                                
       289         3        80
                                                                                
       343         1         1
         0
       344         3        10
                                                                                
       345         1         1
         0
       305         3        10
                                                                                
       800         1         1
         0
       801         3        80
                                                                                
       802         3        80
                                                                                
       803         1         6
         0         0         0         0         0         0
       804         2         3
  1.0000000E+00  0.0000000E+00  0.0000000E+00
       805         2         3
  1.0000000E+00  0.0000000E+00  0.0000000E+00
       806         2         3
  1.0000000E+00  0.0000000E+00  0.0000000E+00
       807         2         3
  1.0000000E+00  0.0000000E+00  0.0000000E+00
       118         2         1
  0.0000000E+00
       154         1         1
         1
       260         2         1
  0.0000000E+00
       441         2         1
  0.0000000E+00
       442         2         1
  0.0000000E+00
       443         2         1
  0.0000000E+00
    -1
    -1
  2400
          13     7    -1           0
Fem1                                                                            
                                                                                
 0 0 0 0 0 0 0 0 0 0 0 0 0 0 0 0 0 0 0 0 0 0 0 0 0 0 0 0 0 0 0 0
03-Mar-16   20:56:47           0           0           0
           0
    -1
    -1
  2411
         1         1         1        11
   1.2477431156011692D-01  -8.4313023599261724D-02   9.9982984052618476D-02
         2         1         1        11
   4.0854669221344390D-02  -9.2914992242095734D-02   1.4957141687903966D-01
         3         1         1        11
  -5.2755252957872707D-02  -9.3216892294474066D-02   1.4560703504409345D-01
         4         1         1        11
  -1.2951950538553628D-01  -8.4971040198647207D-02   9.3158659407594782D-02
         5         1         1        11
  -4.1123760044047405D-03  -1.5422119737431231D-01   9.4195592786945170D-02
         6         1         1        11
  -7.8419584157023492D-02  -1.4092331447849582D-01   8.1638762593238171D-02
         7         1         1        11
   7.0890620592377038D-02  -1.4328866229073636D-01   8.4361077696811088D-02
         8         1         1        11
   6.5802308212365337D-02   1.4096290748587958D-01   9.2051248223145865D-02
         9         1         1        11
   2.4113248611741713D-02   7.4267289718525226D-02   1.6302401123373339D-01
        10         1         1        11
  -1.5698119404445380D-02  -1.3514800179720158D-02   1.7956848988620330D-01
        11         1         1        11
   8.4435578707144271D-02  -8.6631302834601961D-03   1.5959165669269104D-01
        12         1         1        11
   1.5961910273285157D-01   3.8901943327685909D-03   8.4738001399694604D-02
        13         1         1        11
   1.0916272649337515D-01   6.8910095612540329D-02   1.2652597631830290D-01
        14         1         1        11
  -7.4476734428124455D-02   6.5771327425123607D-02   1.5100089306019904D-01
        15         1         1        11
  -1.4723657101546070D-01   5.0698142685658178D-02   9.1787825002342879D-02
        16         1         1        11
  -1.0828484672089671D-01  -1.6434849857071686D-02   1.4379916805149451D-01
        17         1         1        11
  -1.6274558915301462D-01  -1.7192978806014909D-02   7.6760582660702473D-02
        18         1         1        11
  -3.4016313738616036D-02   1.4347299953840226D-01   1.0455759607023765D-01
        19         1         1        11
  -1.0808985965369307D-01   1.1692099787445183D-01   8.5556852705842887D-02
        20         1         1        11
  -1.3099917089962554D-01  -7.4744870078229234D-02  -9.9631009701850265D-02
        21         1         1        11
  -4.7967793769859761D-02  -8.9788252539826488D-02  -1.4936888305775867D-01
        22         1         1        11
   4.5151226873590196D-02  -9.7164872855300691D-02  -1.4558255176278995D-01
        23         1         1        11
   1.2225360055837158D-01  -9.4772559618217775D-02  -9.3520798704229510D-02
        24         1         1        11
  -7.7613302869270553D-03  -1.5419771326584039D-01  -9.4003827831183412D-02
        25         1         1        11
   6.7182699302105672D-02  -1.4668187510197225D-01  -8.1515792006907811D-02
        26         1         1        11
  -8.1692764008985147D-02  -1.3752322586581975D-01  -8.4187633772153880D-02
        27         1         1        11
  -5.4744798012336462D-02   1.4572575916526856D-01  -9.1874482841840244D-02
        28         1         1        11
  -1.8077230953966860D-02   7.6081530855029236D-02  -1.6296847494315667D-01
        29         1         1        11
   1.4538672298945527D-02  -1.4682518234572126D-02  -1.7957443017646330D-01
        30         1         1        11
  -8.4566665897625432D-02  -2.5817384402999667D-03  -1.5973644281140795D-01
        31         1         1        11
  -1.5859935788531584D-01   1.5071051166951949D-02  -8.5399228898369123D-02
        32         1         1        11
  -1.0309698543728181D-01   7.7168056614836625D-02  -1.2684639784260457D-01
        33         1         1        11
   7.9323962775430537D-02   6.0230543091582593D-02  -1.5084392111749673D-01
        34         1         1        11
   1.5089799008990998D-01   3.9771440025981999D-02  -9.1224736706570428D-02
        35         1         1        11
   1.0626418742251634D-01  -2.4240906563580369D-02  -1.4420201236721136D-01
        36         1         1        11
   1.6060728739047750D-01  -2.8778442855793757D-02  -7.7788288930155769D-02
        37         1         1        11
   4.5101699062167620D-02   1.4049606280141272D-01  -1.0440599660858826D-01
        38         1         1        11
   1.1684490437803115D-01   1.0837591175713804D-01  -8.5298567239365061D-02
        39         1         1        11
   1.6637004196753216D-01  -7.0468993809450917D-02  -1.3691352061577497D-17
        40         1         1        11
   1.1453244061689527D-01  -1.3967354971799509D-01  -2.7137037384983734D-17
        41         1         1        11
   3.6500519023415112D-02  -1.7687896445986784D-01  -3.4365642375316127D-17
        42         1         1        11
  -4.9880965178605297D-02  -1.7358856100138445D-01  -3.3726351843359922D-17
        43         1         1        11
  -1.2486278668571806D-01  -1.3055109270881321D-01  -2.5364644849629753D-17
        44         1         1        11
  -1.7129318118650319D-01  -5.7591015913211072D-02  -1.1189302684599246D-17
        45         1         1        11
  -1.7843612432117442D-01   2.8611617044858227D-02   0.0000000000000000D+00
        46         1         1        11
  -1.4464782744395641D-01   1.0821880850711951D-01   0.0000000000000000D+00
        47         1         1        11
  -7.7772387801279236D-02   1.6301089466620522D-01   0.0000000000000000D+00
        48         1         1        11
   6.8893772181874554D-03   1.8047434529611744D-01   0.0000000000000000D+00
        49         1         1        11
   8.9980852346969259D-02   1.5661999794564413D-01   0.0000000000000000D+00
        50         1         1        11
   1.5250215124331676D-01   9.6891495541412159D-02   0.0000000000000000D+00
        51         1         1        11
   1.8014190673828126D-01   1.4926984786987304D-02   0.0000000000000000D+00
    -1
    -1
  2412
         1        74         1        -1         7         3
         3         5         2
         2        74         1        -1         7         3
        43         4        44
         3        74         1        -1         7         3
        43        42         6
         4        74         1        -1         7         3
         5         6        42
         5        74         1        -1         7         3
         3         6         5
         6        74         1        -1         7         3
         6         4        43
         7        74         1        -1         7         3
         6         3         4
         8        74         1        -1         7         3
         1        40        39
         9        74         1        -1         7         3
        41         5        42
        10        74         1        -1         7         3
         1         7        40
        11        74         1        -1         7         3
         7        41        40
        12        74         1        -1         7         3
         2         7         1
        13        74         1        -1         7         3
         7         5        41
        14        74         1        -1         7         3
         7         2         5
        15        74         1        -1         7         3
        11         2         1
        16        74         1        -1         7         3
         2        10         3
        17        74         1        -1         7         3
        10        11         9
        18        74         1        -1         7         3
        10         2        11
        19        74         1        -1         7         3
         1        12        11
        20        74         1        -1         7         3
        12        39        51
        21        74         1        -1         7         3
        12         1        39
        22        74         1        -1         7         3
        13        11        12
        23        74         1        -1         7         3
         9        13         8
        24        74         1        -1         7         3
         9        11        13
        25        74         1        -1         7         3
         8        50        49
        26        74         1        -1         7         3
        50        12        51
        27        74         1        -1         7         3
        13        50         8
        28        74         1        -1         7         3
        13        12        50
        29        74         1        -1         7         3
        15        16        14
        30        74         1        -1         7         3
        44        17        45
        31        74         1        -1         7         3
        17        15        45
        32        74         1        -1         7         3
        17        16        15
        33        74         1        -1         7         3
         4        17        44
        34        74         1        -1         7         3
         4        16        17
        35        74         1        -1         7         3
        14        10         9
        36        74         1        -1         7         3
        14        16        10
        37        74         1        -1         7         3
         3        16         4
        38        74         1        -1         7         3
         3        10        16
        39        74         1        -1         7         3
        15        46        45
        40        74         1        -1         7         3
         8        18         9
        41        74         1        -1         7         3
        18        48        47
        42        74         1        -1         7         3
        48         8        49
        43        74         1        -1         7         3
        48        18         8
        44        74         1        -1         7         3
        18        14         9
        45        74         1        -1         7         3
        18        47        19
        46        74         1        -1         7         3
        46        19        47
        47        74         1        -1         7         3
        19        14        18
        48        74         1        -1         7         3
        15        19        46
        49        74         1        -1         7         3
        15        14        19
        50        74         1        -1         7         3
        22        24        21
        51        74         1        -1         7         3
        40        23        39
        52        74         1        -1         7         3
        40        41        25
        53        74         1        -1         7         3
        24        25        41
        54        74         1        -1         7         3
        22        25        24
        55        74         1        -1         7         3
        25        23        40
        56        74         1        -1         7         3
        25        22        23
        57        74         1        -1         7         3
        20        43        44
        58        74         1        -1         7         3
        42        24        41
        59        74         1        -1         7         3
        20        26        43
        60        74         1        -1         7         3
        26        42        43
        61        74         1        -1         7         3
        21        26        20
        62        74         1        -1         7         3
        26        24        42
        63        74         1        -1         7         3
        26        21        24
        64        74         1        -1         7         3
        21        29        22
        65        74         1        -1         7         3
        30        21        20
        66        74         1        -1         7         3
        29        30        28
        67        74         1        -1         7         3
        29        21        30
        68        74         1        -1         7         3
        20        31        30
        69        74         1        -1         7         3
        31        44        45
        70        74         1        -1         7         3
        31        20        44
        71        74         1        -1         7         3
        32        30        31
        72        74         1        -1         7         3
        28        32        27
        73        74         1        -1         7         3
        28        30        32
        74        74         1        -1         7         3
        27        46        47
        75        74         1        -1         7         3
        46        31        45
        76        74         1        -1         7         3
        32        46        27
        77        74         1        -1         7         3
        32        31        46
        78        74         1        -1         7         3
        34        35        33
        79        74         1        -1         7         3
        39        36        51
        80        74         1        -1         7         3
        36        34        51
        81        74         1        -1         7         3
        36        35        34
        82        74         1        -1         7         3
        23        36        39
        83        74         1        -1         7         3
        23        35        36
        84        74         1        -1         7         3
        33        29        28
        85        74         1        -1         7         3
        33        35        29
        86        74         1        -1         7         3
        22        35        23
        87        74         1        -1         7         3
        22        29        35
        88        74         1        -1         7         3
        34        50        51
        89        74         1        -1         7         3
        27        37        28
        90        74         1        -1         7         3
        37        48        49
        91        74         1        -1         7         3
        48        27        47
        92        74         1        -1         7         3
        48        37        27
        93        74         1        -1         7         3
        37        33        28
        94        74         1        -1         7         3
        37        49        38
        95        74         1        -1         7         3
        50        38        49
        96        74         1        -1         7         3
        38        33        37
        97        74         1        -1         7         3
        34        38        50
        98        74         1        -1         7         3
        34        33        38
    -1
    -1
  2420
         9
                                                                                
         1         0         7
CS1                                                                             
  1.00000000000000000D+00  0.00000000000000000D+00  0.00000000000000000D+00
  0.00000000000000000D+00  1.00000000000000000D+00  0.00000000000000000D+00
  0.00000000000000000D+00  0.00000000000000000D+00  1.00000000000000000D+00
  0.00000000000000000D+00  0.00000000000000000D+00  0.00000000000000000D+00
    -1
